-4.067802645659821
-3.6974771656572485
-2.736858439334783
-2.5976383340706555
-2.5878929267021693
-2.4765168424908612
-2.42222100143786
-2.380454969858621
-2.2106064414363873
-2.209214240383749
-2.1925078277520536
-2.17440921406771
-2.15352619827809
-2.1215055740673465
-2.0825239445933934
-2.0811317435407455
-2.0630331298564117
-2.056072124593202
-2.0129138919613245
-2.0087372888034003
-2.0003840824875527
-2.0003840824875527
-1.9989918814349146
-1.973932262487371
-1.9544414477503893
-1.9224208235396456
-1.9210286224870077
-1.90571441090795
-1.902930008802664
-1.895969003539464
-1.8848313951183302
-1.8792625909077683
-1.837496559328529
-1.8180057445915474
-1.8138291414336234
-1.8012993319598516
-1.8012993319598516
-1.7915539245913656
-1.78180851722288
-1.7456112898542024
-1.708021861432887
-1.6801778403800673
-1.6801778403800673
-1.6760012372221436
-1.6606870256430857
-1.6509416182746
-1.639804009853466
-1.6244897982744182
-1.6008223803795127
-1.5994301793268746
-1.5966457772215887
-1.5952535761689508
-1.5938613751163127
-1.5938613751163127
-1.5896847719583889
-1.588292570905741
-1.579939364589893
-1.577154962484617
-1.568801756168769
-1.5674095551161211
-1.5520953435370735
-1.5381733330106537
-1.5367811319580156
-1.5326045288000918
-1.5186825182736818
-1.5186825182736818
-1.508937110905196
-1.5033683066946242
-1.4977995024840622
-1.4936228993261382
-1.4838774919576525
-1.4755242856418045
-1.4629944761680327
-1.4616022751153848
-1.458817873010109
-1.451856867746899
-1.4504646666942609
-1.4407192593257652
-1.4295816509046413
-1.4240128466940793
-1.4156596403782313
-1.4100908361676596
-1.4031298309044595
-1.385031217220116
-1.38224681511484
-1.38224681511484
-1.3725014077463442
-1.3655404024831441
-1.3571871961672963
-1.3418729845882387
-1.3418729845882387
-1.3404807835356005
-1.3404807835356005
-1.3335197782723909
-1.3335197782723909
-1.3265587730091908
-1.318205566693343
-1.316813365640695
-1.3056757572195712
-1.3042835561669233
-1.3042835561669233
-1.2931459477457994
-1.2736551330088177
-1.2639097256403318
-1.2597331224824078
-1.2597331224824078
-1.256948720377122
-1.2485955140612741
-1.247203313008636
-1.2388501066927882
-1.2374579056401502
-1.2360657045875023
-1.2318891014295783
-1.2193592919558065
-1.2179670909031686
-1.2165748898505304
-1.2123982866926066
-1.2082216835346826
-1.1998684772188348
-1.1998684772188348
-1.1970840751135488
-1.194299673008263
-1.194299673008263
-1.183162064587139
-1.178985461429215
-1.1748088582712912
-1.1734166572186433
-1.1664556519554432
-1.1525336414290335
-1.1469648372184615
-1.1344350277446897
-1.130258424586766
-1.1288662235341278
-1.1288662235341278
-1.1274740224814899
-1.124689620376204
-1.124689620376204
-1.119120816165642
-1.114944213007718
-1.1079832077445082
-1.1051988056392223
-1.1010222024812983
-1.0996300014286604
-1.0926689961654505
-1.0912767951128124
-1.0871001919548886
-1.0871001919548886
-1.0857079909022505
-1.0857079909022505
-1.0857079909022505
-1.0801391866916885
-1.0745703824811168
-1.0690015782705549
-1.0690015782705549
-1.059256170902069
-1.057863969849421
-1.055079567744145
-1.053687366691497
-1.0467263614282971
-1.0439419593230113
-1.0383731551124493
-1.0369809540598014
-1.0355887530071632
-1.0258433456386775
-1.0216667424807535
-1.0216667424807535
-1.0216667424807535
-1.0133135361649057
-1.0021759277437718
-0.9938227214279239
-0.9938227214279239
-0.9799007109015142
-0.9771163087962282
-0.9743319066909523
-0.9701553035330283
-0.9645864993224564
-0.9492722877434087
-0.9464878856381227
-0.9437034835328367
-0.9353502772169889
-0.9353502772169889
-0.9228204677432171
-0.9228204677432171
-0.9186438645852931
-0.9144672614273692
-0.9130750603747312
-0.9116828593220931
-0.8991530498483213
-0.8949764466903974
-0.8921920445851116
-0.8921920445851116
-0.8907998435324735
-0.8880154414271876
-0.8866232403745495
-0.8866232403745495
-0.8852310393219116
-0.8852310393219116
-0.8824466372166256
-0.8810544361639876
-0.8699168277428538
-0.8685246266902158
-0.8643480235322919
-0.862955822479644
-0.8615636214270059
-0.860171420374368
-0.8532104151111581
-0.8518182140585201
-0.8490338119532341
-0.8448572087953102
-0.8448572087953102
-0.8406806056373863
-0.8309351982689004
-0.8267585951109765
-0.8253663940583286
-0.8211897909004047
-0.8197975898477666
-0.8197975898477666
-0.8128365845845666
-0.8128365845845666
-0.8114443835319187
-0.8086599814266427
-0.8086599814266427
-0.8072677803739948
-0.8044833782687189
-0.8003067751107948
-0.794737970900223
-0.793345769847585
-0.791953568794947
-0.7905613677422991
-0.7905613677422991
-0.7891691666896611
-0.7849925635317372
-0.7822081614264512
-0.7794237593211752
-0.7738549551106033
-0.7724627540579654
-0.7682861509000414
-0.7668939498474034
-0.7668939498474034
-0.7599329445841936
-0.7543641403736316
-0.7432265319524978
-0.7390499287945739
-0.7390499287945739
-0.7334811245840119
-0.7320889235313739
-0.7320889235313739
-0.729304521426088
-0.72791232037345
-0.72791232037345
-0.72791232037345
-0.725127918268164
-0.725127918268164
-0.7237357172155261
-0.7125981087943922
-0.7098137066891064
-0.7042449024785444
-0.7014605003732585
-0.6944994951100585
-0.6889306908994867
-0.6889306908994867
-0.6819696856362867
-0.6819696856362867
-0.6750086803730768
-0.6736164793204389
-0.6736164793204389
-0.6736164793204389
-0.672224278267791
-0.6694398761625149
-0.665263273004591
-0.6555178656360952
-0.6513412624781713
-0.6485568603728953
-0.6485568603728953
-0.6443802572149713
-0.6429880561623332
-0.6388114530044093
-0.6388114530044093
-0.6346348498464854
-0.6332426487938375
-0.6276738445832756
-0.6262816435306375
-0.6234972414253517
-0.6151440351095038
-0.6137518340568657
-0.6109674319515799
-0.6081830298462939
-0.60400642668837
-0.599829823530446
-0.5984376224778081
-0.5886922151093221
-0.5803390087934742
-0.5761624056355503
-0.5733780035302645
-0.5733780035302645
-0.5733780035302645
-0.5719858024776264
-0.5678091993197024
-0.5538871887932927
-0.5483183845827209
-0.5427495803721588
-0.539965178266873
-0.5385729772142349
-0.530219770898387
-0.5162977603719773
-0.5149055593193294
-0.5065523530034814
-0.5065523530034814
-0.5037679508982055
-0.5037679508982055
-0.49263034247707166
-0.4842771361612238
-0.47731613089801395
-0.4759239298453759
-0.4745317287927379
-0.471747326687452
-0.46757072352952805
-0.46757072352952805
-0.4592175172136802
-0.4592175172136802
-0.45782531616104216
-0.4536487130031182
-0.4522565119504802
-0.44807990879255627
-0.4466877077399084
-0.44529550668727036
-0.43555009931878447
-0.43276569721349856
-0.43137349616086057
-0.43137349616086057
-0.42302028984501266
-0.42302028984501266
-0.42302028984501266
-0.4132748824765169
-0.409098279318593
-0.402137274055393
-0.4007450730027451
-0.39239186668689724
-0.3909996656342592
-0.3909996656342592
-0.3909996656342592
-0.3909996656342592
-0.38403866037105927
-0.36872444879200156
-0.36037124247615365
-0.36037124247615365
-0.35897904142351567
-0.3534102372129438
-0.34784143300238185
-0.34644923194974386
-0.34644923194974386
-0.34505703089709594
-0.34505703089709594
-0.340880427739172
-0.339488226686534
-0.33809602563389596
-0.3367038245812481
-0.33113502037068615
-0.33113502037068615
-0.3297428193180481
-0.3283506182654002
-0.3269584172127622
-0.32278181405483825
-0.3172130098442763
-0.31025200458106644
-0.30746760247578053
-0.30050659721258055
-0.2991143961599327
-0.29632999405465665
-0.2949377930020186
-0.2949377930020186
-0.28797678773880875
-0.2824079835282468
-0.28101578247559894
-0.28101578247559894
-0.2796235814229609
-0.27544697826503695
-0.27544697826503695
-0.26848597300182714
-0.26152496773862716
-0.25874056563334125
-0.2573483645807032
-0.2545639624754173
-0.2545639624754173
-0.2531717614227793
-0.25038735931749334
-0.24899515826485535
-0.24621075615956942
-0.2434263540542835
-0.23785754984372157
-0.2295043435278737
-0.22393553931731175
-0.22254333826466383
-0.2211511372120258
-0.2211511372120258
-0.2197589361593878
-0.2183667351067399
-0.2183667351067399
-0.2183667351067399
-0.21558233300146387
-0.21419013194881598
-0.21279793089617796
-0.21001352879090193
-0.207229126685616
-0.20305252352769207
-0.20026812142240616
-0.1960915182644822
-0.1960915182644822
-0.1946993172118442
-0.18773831194863436
-0.18634611089599634
-0.1835617087907104
-0.18077730668543437
-0.17799290458014846
-0.17660070352751045
-0.17381630142222454
-0.16824749721166257
-0.16685529615901468
-0.16407089405373865
-0.16267869300109075
-0.1585020898431668
-0.1585020898431668
-0.15710988879052878
-0.15710988879052878
-0.15571768773789077
-0.15571768773789077
-0.15571768773789077
-0.15293328563260486
-0.15014888352731895
-0.15014888352731895
-0.14875668247468093
-0.145972280369395
-0.14458007931675698
-0.14458007931675698
-0.14318787826411897
-0.14040347615883306
-0.14040347615883306
-0.14040347615883306
-0.13761907405354715
-0.1334424708956232
-0.1334424708956232
-0.13205026984298518
-0.13065806879034716
-0.12926586773769927
-0.12648146563242324
-0.12369706352713732
-0.12230486247449932
-0.12230486247449932
-0.11812825931657538
-0.11395165615865144
-0.11255945510601342
-0.11255945510601342
-0.11116725405336551
-0.1097750530007275
-0.10699065089544159
-0.10699065089544159
-0.10420624879016556
-0.09863744457959371
-0.09863744457959371
-0.09167643931639376
-0.09028423826374585
-0.08749983615846982
-0.08610763510582191
-0.0847154340531839
-0.08193103194789798
-0.08193103194789798
-0.07914662984262195
-0.07775442878997404
-0.07636222773733603
-0.0735778256320501
-0.06244021721092621
-0.05826361405300228
-0.05826361405300228
-0.05826361405300228
-0.05687141300035437
-0.05408701089507835
-0.05408701089507835
-0.047126005631868494
-0.04573380457923048
-0.04155720142130655
-0.03877279931602062
-0.035988397210744594
-0.03320399510545868
-0.030419593000172756
-0.02206638668432489
-0.020674185631686874
-0.020674185631686874
-0.01928198457904886
-0.01649758247376294
-0.015105381421124924
-0.01092877826320099
-0.009536577210553085
-0.00814437615791507
-0.00535997405262915
-0.003967772999991136
2.088301579327978E-4
0.004385433315856732
0.005777634368494746
0.005777634368494746
0.007169835421142652
0.008562036473780666
0.00995423752641868
0.01552304173699052
0.01552304173699052
0.018307443842266548
0.019699644894914454
0.02109184594755247
0.022484047000190483
0.02387624805283839
0.02666065015811442
0.02666065015811442
0.02666065015811442
0.028052851210762324
0.033621655421324274
0.04615146489509608
0.04754366594773409
0.04754366594773409
0.05032806805302001
0.05172026910565802
0.05311247015829604
0.055896872263581955
0.055896872263581955
0.060073475421505894
0.060073475421505894
0.060073475421505894
0.06425007857942983
0.07260328489527769
0.07538768700056361
0.07817208910583964
0.07956429015848755
0.08095649121112557
0.08234869226376358
0.08513309436904949
0.09209409963225935
0.09348630068489737
0.09627070279018328
0.09905510489545931
0.09905510489545931
0.10044730594810722
0.11297711542187902
0.11715371857980296
0.11715371857980296
0.11854591963244097
0.11854591963244097
0.11993812068507899
0.12411472384300291
0.12689912594828884
0.12829132700092685
0.12968352805357475
0.13246793015885078
0.13525233226413672
0.13525233226413672
0.14360553857998457
0.1463899406852606
0.1463899406852606
0.15474314700110847
0.15613534805375637
0.15613534805375637
0.16031195121168032
0.16170415226431833
0.16170415226431833
0.16309635331695635
0.16588075542224226
0.16727295647488027
0.16866515752752817
0.17005735858016618
0.17284176068545212
0.17701836384337605
0.18119496700129997
0.18119496700129997
0.183979369106576
0.18676377121186194
0.19233257542242388
0.19790137963299573
0.19929358068563374
0.20347018384355767
0.21460779226469145
0.2201765964752534
0.22435319963317735
0.22852980279110127
0.22852980279110127
0.2299220038437393
0.2340986070016632
0.23827521015958716
0.23966741121222518
0.245236215422797
0.24662841647543501
0.252197220685997
0.252197220685997
0.2549816227912829
0.25915822594920684
0.26055042700184483
0.26194262805449275
0.26333482910713074
0.26890363331769274
0.2702958343703406
0.27308023647561663
0.27308023647561663
0.2786490406861885
0.28421784489675045
0.28561004594938844
0.28561004594938844
0.2911788501599603
0.2925710512125983
0.29674765437052225
0.29813985542316024
0.30092425752844615
0.307885262791656
0.30927746384429405
0.3120618659495701
0.31345406700221795
0.314846268054856
0.316238469107494
0.3176306701601419
0.32041507226541793
0.32319947437070384
0.3245916754233419
0.3287682785812658
0.3371214848971137
0.3399058870023996
0.34408249016032355
0.34686689226560946
0.3496512943708855
0.3496512943708855
0.3496512943708855
0.35800450068673334
0.35939670173938126
0.35939670173938126
0.3649655059499432
0.3663577070025812
0.3677499080552291
0.37192651121315307
0.3747109133184291
0.377495315423715
0.38167191858163896
0.38306411963427695
0.38863292384484877
0.3900251248974868
0.3928095270027727
0.39420172805541076
0.39420172805541076
0.39559392910804875
0.39559392910804875
0.39698613016069667
0.39837833121333466
0.39837833121333466
0.4025549343712586
0.4025549343712586
0.4039471354238966
0.4095159396344586
0.41090814068710646
0.41926134700295437
0.4220457491082304
0.4220457491082304
0.4262223522661543
0.43039895542407824
0.4387521617399261
0.44849756910842187
0.44849756910842187
0.45545857437162185
0.46102737858219367
0.46102737858219367
0.4638117806874697
0.4652039817401176
0.4665961827927556
0.4665961827927556
0.4693805848980416
0.4693805848980416
0.4749493891086035
0.4777337912138894
0.4791259922665274
0.48051819331916545
0.48051819331916545
0.4819103943718134
0.4860869975297274
0.4860869975297274
0.4874791985823753
0.49444020384557524
0.49583240489822317
0.4986168070034992
0.4986168070034992
0.504185611214071
0.5069700133193471
0.509754415424633
0.511146616477271
0.5181076217404809
0.5208920238457668
0.5222842248984048
0.5264608280563288
0.5264608280563288
0.5278530291089667
0.5320296322668907
0.5348140343721766
0.5375984364774625
0.5375984364774625
0.5389906375301006
0.5459516427933104
0.5473438438459484
0.5473438438459484
0.5487360448985864
0.5501282459512343
0.5501282459512343
0.5543048491091582
0.5556970501617963
0.5570892512144343
0.5570892512144343
0.5612658543723582
0.5640502564776442
0.5640502564776442
0.5654424575302821
0.5654424575302821
0.56683465858293
0.571011261740854
0.57379566384613
0.5835410712146158
0.5849332722672638
0.5849332722672638
0.5932864785831117
0.5932864785831117
0.5974630817410356
0.5988552827936736
0.6002474838463117
0.6002474838463117
0.6030318859515975
0.6044240870042356
0.6058162880568835
0.6058162880568835
0.6072084891095215
0.6155616954253693
0.6155616954253693
0.6169538964780074
0.6211304996359313
0.6225227006885792
0.6253071027938553
0.6266993038465032
0.6322681080570651
0.6322681080570651
0.6378369122676271
0.6406213143729129
0.642013515425551
0.6434057164781989
0.6489745206887608
0.6517589227940468
0.6517589227940468
0.6545433248993228
0.6615043301625326
0.6628965312151707
0.6642887322678087
0.6656809333204565
0.6670731343730946
0.6712497375310185
0.6754263406889425
0.6768185417415805
0.6782107427942283
0.6782107427942283
0.6796029438468664
0.6809951448995044
0.6851717480574283
0.6879561501627143
0.6879561501627143
0.6893483512153523
0.6907405522680001
0.6921327533206382
0.6977015575312001
0.7130157691102579
0.7130157691102579
0.7144079701628959
0.7158001712155437
0.7185845733208198
0.7199767743734677
0.7213689754261057
0.7213689754261057
0.7325065838472395
0.7338987848998775
0.7352909859525155
0.7366831870051634
0.7366831870051634
0.7408597901630873
0.7478207954262873
0.7478207954262873
0.7575662027947733
0.7603506049000591
0.7631350070053451
0.7645272080579831
0.768703811215907
0.7700960122685451
0.7784492185843929
0.7840180227949647
0.7868024249002408
0.7965478322687365
0.7979400333213745
0.8035088375319365
0.8076854406898605
0.8132542449004323
0.8146464459530703
0.8160386470057083
0.8174308480583562
0.8188230491109942
0.8188230491109942
0.8202152501636323
0.8229996522689181
0.8438826680585378
0.8578046785849477
0.8619812817428716
0.8647656838481576
0.8675500859534335
0.8717266891113574
0.8842564985851292
0.8842564985851292
0.8856486996377771
0.8898253027957012
0.8953941070062631
0.902355112269473
0.9093161175326728
0.9218459270064446
0.9232381280590827
0.9232381280590827
0.9343757364802164
0.9371601385855024
0.9385523396381404
0.9399445406907784
0.9441211438487024
0.9455133449013503
0.9538665512171981
0.9608275564803981
0.965004159638322
0.9663963606909699
0.9719651649015318
0.9747495670068178
0.9761417680594558
0.9775339691120938
0.9803183712173797
0.9831027733226657
0.9858871754279417
0.9900637785858656
0.9942403817437896
1.0012013870069993
1.0151233975334093
1.019300000691333
1.023476603849257
1.029045408059819
1.0318298101651049
1.0318298101651049
1.0373986143756668
1.0429674185862388
1.0429674185862388
1.0554972280600106
1.0568894291126485
1.0582816301652866
1.0596738312179346
1.0638504343758584
1.0694192385864203
1.0722036406917064
1.093086656481326
1.095871058586602
1.102832063849812
1.1070086670077357
1.1097930691130118
1.1111852701656597
1.1125774712182976
1.1264994817447076
1.1334604870079175
1.1348526880605554
1.1376370901658412
1.1418136933237653
1.1418136933237653
1.1432058943764032
1.144598095429051
1.1459902964816893
1.1529513017448991
1.155735703850175
1.159912307008099
1.1710499154292329
1.1724421164818708
1.1752265185871567
1.1766187196397948
1.1780109206924427
1.1794031217450807
1.1891485291135666
1.1919329312188525
1.1947173333241285
1.1975017354294144
1.1975017354294144
1.1975017354294144
1.2044627406926243
1.2142081480611102
1.216992550166396
1.22116915332432
1.22116915332432
1.2253457564822439
1.232306761745444
1.236483364903368
1.2476209733245016
1.2504053754297875
1.2531897775350636
1.2671117880614833
1.2671117880614833
1.2768571954299692
1.289387004903741
1.290779205956379
1.2921714070090171
1.294955809114303
1.2977402112195888
1.3060934175354368
1.3102700206933606
1.3144466238512846
1.3158388249039226
1.3214076291144845
1.3241920312197706
1.3339374385882563
1.3506438512199521
1.361781459641086
1.367350263851648
1.3729190680622099
1.3896254806939055
1.3910176817465534
1.3924098827991915
1.3965864859571153
1.3993708880624014
1.3993708880624014
1.4035474912203252
1.4174695017467351
1.421646104904659
1.424430507009945
1.4286071101678688
1.4313915122731449
1.4467057238522025
1.4508823270101265
1.4536667291154026
1.4620199354312504
1.485687353326156
1.4996093638525658
1.5023937659578517
1.5023937659578517
1.5037859670104898
1.5065703691157757
1.5093547712210615
1.5121391733263376
1.5358065912212433
1.5413753954318052
1.553905204905577
1.555297405958215
1.560866210168787
1.5761804217478346
1.5775726228004825
1.5887102312216064
1.6012400406953782
1.608201045958588
1.6095932470112262
1.6109854480638741
1.612377649116512
1.616554252274436
1.623515257537636
1.6262996596429218
1.670850093327447
1.6722422943800852
1.680595500695933
1.6945175112223427
1.6973019133276288
1.7098317228014006
1.7140083259593244
1.7167927280646005
1.7167927280646005
1.7251459343804483
1.7279303364857344
1.7362835428015821
1.7794417754334595
1.7891871828019552
1.7975403891177932
1.8031091933283652
1.815639002802137
1.8267766112232608
1.8434830238549567
1.87550364806571
1.9047398701711775
1.9130930764870253
1.949290303855693
1.9604279122768267
1.9632123143821125
1.9701733196453126
2.0133315522771897
2.0216847585930378
2.0272535628036095
2.0342145680668096
2.0397833722773813
2.0606663880669913
2.1678658691203756
2.1831800806994233
2.2068474985943287
2.2360837206997966
2.251397932278844
2.2903795617528075
2.2959483659633695
2.3140469796477032
2.353028609121657
2.4379528733327733
2.4435216775433455
2.464404693332965
2.712216480703105
3.376296382812981
