1.897165382531611
0.9461076277553804
-1.0348568333855503
0.2313875604885555
-0.13653741270301326
-1.497003461635635
0.25827275932471344
-0.9627683928558951
1.6837791395785746
0.8563623384319009
-0.062494007771980255
-1.247809879322864
1.2844309491887245
-1.8105750457532326
0.38484730745716306
0.1285276173933554
-0.0161521307607334
2.3814997526666626
-0.019150783117881303
0.7303411479201
0.344290944648388
-0.12863300141527173
-1.4692720077760844
1.018403829755178
0.4252700791039341
-2.718004458914897
-0.16642683929627503
-0.48436510365266733
0.5973001817184517
0.23262790708918415
1.9856497995494602
0.10033498868008978
0.6316162875225954
-1.9967226799350104
0.3968327958583728
-0.47399120596738514
-0.21646056434466637
-0.09711336606858151
0.03848553099518657
-1.2848191721283109
1.2931353524268372
1.1725326180702227
-0.41145042238177093
0.18146249981192633
-0.18756746886728948
-1.1502214414239507
0.9623636633080779
-2.8579172466453473
-1.6658914072539812
-0.005092785193708803
-0.5662384031892795
2.124043531209828
-0.7068540635665822
-1.711522573917518
-1.0399584446032584
-1.4083479132351584
-0.9407950657353717
1.499083993849988
0.5033133333028634
0.57197703663032
-0.9419364303392903
0.7425214260581761
-0.914881039797519
-0.0029484186183391364
0.06579127984374714
-0.6791860854812923
-0.6747631418490709
-2.349538763433354
-0.5515492551300885
2.7487725461712906
-0.34743430449539514
0.3375144968486738
1.2928546254292006
1.628964858121375
-0.3657234440887914
0.00964772555744996
0.4828850020132061
-0.09839581655762382
1.0248462300572758
-0.7897479896320392
-0.9135323670804134
-0.4146150992902691
1.0812882125914232
-1.1619820171306372
1.333500969677967
-0.9158499387864785
-0.4342096789383703
0.5864266396728883
-1.0325764941861846
-0.49613156660276136
-1.4231164154428686
0.6248037445210777
-0.5286050876410179
0.20639498156828828
-0.014826782650802927
1.1006912399084745
-1.2330243519133488
0.7109577673426585
1.0610457107682119
0.30051395119705604
