1101100001100111
1000000011101110
0101110100000101
0111100111010001
1101100010000001
1101111000000100
1100011000111111
1000101101000110
0000010011010001
1001101111010001
1011011101101011
0010111100101011
1101101010011001
1001001100001011
0000100101010111
0111110010001011
0011011010100101
1101111110000011
1001001100110010
0100101110110011
1101010101001101
0101001111101101
0100001010101001
0111100000010000
1110000110001101
1011110011000001
1101111100110000
0111001000010101
1111011101001110
1001001110101001
1000100001010100
1001110001011111
1101101010111110
0000001100011010
0010101111000010
0100001110000110
0100110010010111
0100011101111010
0011110000111010
1001010100111100
0010111101010110
0110010101000000
1101000001011010
0001001001111100
0001010100110100
1001110001101100
0000011000000010
1011100000011111
0000011000001101
0111000110010110
1011000100101001
1100000000101100
0111000000000000
1100011111100100
0110010101010000
0100101111100100
1110110101101000
0100011010001001
1111011011101001
0011010101111110
0010101011100000
0010011000100111
0101110010000111
